finmedio reddito eta nfigli anni.rap
11897.617 1085.177 72 4 33.9
7158.42 1866.728 29 2 3.5
4017.414 960.229 22 1 2.7
5288.483 731.676 21 3 3
11061.329 1833.251 52 1 14.2
8419.063 1451.289 32 1 4.1
8759.356 3377.733 56 2 21.6
10617.189 1817.169 48 1 13
9448.14 1835.878 38 1 7.5
10870.526 2289.02 40 2 7.8
12216.83 1648.966 60 4 23.5
9262.405 1687.46 47 1 10.1
9458.354 1853.988 43 4 7.2
5366.947 978.375 21 0 2.1
9204.667 1516.229 44 3 9.8
7327.512 1298.203 33 1 5.2
8910.06 1294.938 49 1 11.2
9242.281 2228.723 52 1 12
8446.78 1730.998 27 0 4.2
8641.402 809.358 51 0 12.5
10980.68 2573.242 44 3 6.9
10976.171 1072.096 65 0 23.6
14032.62 2282.736 66 1 24
6677.588 2829.314 39 2 6.1
10776.681 2310.918 52 0 12.1
5876.748 628.478 28 1 4.3
13292.397 2599.75 72 4 44.1
8003.837 1771.787 34 1 4.7
7184.243 2467.18 29 3 3.6
7683.044 2352.091 32 4 3.4
5806.287 2616.01 18 0 0
12928.165 2750.628 68 2 40.7
10668.897 2087.694 58 4 17.9
6901.623 2448.921 22 1 2.2
7812.576 2929.579 18 1 0
8272.939 842.286 39 3 8.6
8344.589 2498.405 42 0 11.2
9029.512 2830.318 39 1 12.4
5043.54 4082.104 21 2 2.7
8473.05 577.633 38 1 6.7
7442.996 675.975 39 3 9.9
9112.524 2131.598 33 1 6.5
7152.838 2102.832 23 3 3.4
8603.297 3109.054 64 5 23.4
9424.733 3192.43 48 1 6.9
4440.314 1386.307 24 1 3.7
10823.282 1897.604 49 3 7.8
8129.015 2979.555 40 0 6.2
7802.684 2786.823 27 1 3.6
4301.479 0 24 1 4.2
8478.031 851.474 34 0 4.1
3763.624 471.781 18 2 0
8894.821 1233.554 49 0 10.4
6832.586 1584.615 32 2 4.5
8873.244 2903.204 54 1 12.2
8402.514 2391.347 31 2 5.2
6234.292 1508.703 33 2 5.2
6771.532 1297.896 18 1 0
7794.436 1747.606 31 5 5.4
6228.189 1916.539 21 0 2.2
6783.17 775.741 43 2 7.2
11020.658 2116.789 55 2 12.6
7621.476 1629.3 44 0 9.2
6618.569 2809.193 29 1 6.1
9077.208 2218.925 49 3 10.5
11831.206 1987.43 43 1 11.3
7361.844 1709.895 34 2 3.7
7471.476 2015.383 26 1 4
10897.323 2163.41 66 1 28.9
9738.269 1500.514 46 1 10.3
9764.6 2680.986 38 5 8.2
9183.165 1560.234 27 1 3.7
11564.082 1857.597 69 3 27.8
9269.977 1231.231 42 1 6.6
7702.948 2419.906 30 1 5.6
7203.147 1484.202 34 4 6.9
9256.856 1170.518 30 2 3.9
7561.978 1046.656 35 3 6.2
10510.304 2126.72 47 5 14.1
8123.499 1972.536 36 1 4.6
10288.243 2209.075 37 1 6.9
9369.95 932.837 55 1 19
7764.949 2887.468 34 2 5.2
8852.054 2786.366 52 0 16.2
9909.616 1718.199 39 1 6.4
7998.698 1696.384 27 1 4.2
10706.722 2388.054 51 3 13.7
11976.14 1701.89 67 1 28.6
6928.718 2349.669 18 1 0
9851.122 1885.156 56 5 11.9
7131.523 3301.195 44 1 10.2
9262.474 740.001 47 0 14.2
9839.012 2666.379 44 1 7.3
9131.125 2664.637 53 3 13.4
8169.655 1475.013 31 1 4
5884.418 2188.255 27 2 4.5
6821.083 831.588 48 3 11.9
10854.57 2529.53 44 1 8.3
8929.074 843.668 48 1 9
9576.653 1986.62 48 2 12.9
8419.062 1582.476 40 4 7.6
6573.362 3873.564 36 2 4.5
9922.659 1290.427 50 7 12.1
7706.028 2843.778 27 1 4.1
8288.392 2908.463 37 4 6.6
6706.344 2306.837 37 0 7.9
6507.751 1318.959 36 2 6.4
10319.314 2906.343 42 2 9.4
9448.905 2638.841 41 6 7.5
7530.781 1103.491 27 1 4.5
6258.089 738.441 29 4 3.3
9432.807 1611.922 35 4 5.6
12687.759 1535.005 68 5 30.3
6785.35 768.574 32 1 5.9
8374.35 3113.513 49 2 8.9
9465.535 1873.254 55 4 14.9
8932.282 1842.5 60 6 22.8
7547.777 839.841 32 4 4.1
8169.629 2728.131 37 2 4.6
7724.169 1800.084 27 2 3.7
5807.966 1276.415 25 3 3.8
8195.267 1425.836 33 3 6.6
7792.65 2773.293 33 3 6.8
5770.616 861.653 18 2 0
7268.638 3252.626 29 1 4.8
7583.001 805.786 49 5 15.8
6337.222 1028.848 25 4 3.5
8171.65 2227.715 40 3 5.6
12478.11 1617.747 57 2 16.2
5356.383 1736.181 34 3 5.6
3593.568 240.649 19 0 1
12100.781 2577.057 60 2 19.1
8425.675 1903.851 26 0 4.8
5706.139 1435.762 29 3 4.4
10637.376 2151.751 45 2 9.1
7193.152 908.852 33 3 4.2
10501.935 2091.073 50 3 6.4
7255.134 2976.364 33 1 6.7
9055.644 1858.043 50 1 11
9890.25 1653.435 43 4 7.1
7718.459 1968.308 22 1 2.6
7637.642 1755.867 26 0 3.7
8636.109 1555.17 38 2 6.3
8606.161 1971.474 39 0 6.5
7001.276 1333.35 30 0 4.8
7028.132 1615.111 29 3 4.1
7372.833 2517.867 27 3 5.7
6669.216 1141.771 31 2 4.6
6353.989 2044.334 18 2 0
9613.203 2703.017 55 3 22.3
9721.085 2704.829 51 1 10.1
9908.658 2376.904 46 4 10.2
10691.875 2343.107 49 1 9.6
8920.476 1544.593 33 2 4.7
7792.117 2554.97 41 4 11
9466.514 2397.265 47 2 8.3
8507.141 3072.094 41 4 9.5
9552.669 2168.332 44 2 10.8
7677.583 2821.872 33 1 6.1
9375.043 3327.745 51 5 7.8
10593.958 2492.285 40 0 7.2
8009.291 1821.596 24 2 3.4
8857.432 1493.603 32 4 7.7
8070.523 1539.659 37 0 7.2
10057.169 2338.247 45 1 11.6
6872.97 1212.071 28 3 5.1
8318.231 3197.9 52 4 14
9057.275 2696.161 39 6 5.7
9041.309 2057.989 38 1 6.1
10399.894 1942.986 56 2 15.5
8897.63 1856.216 43 1 8.5
8836.866 2083.368 21 0 2.5
12375.057 2326.255 58 3 19.7
7351.846 1168.099 36 1 5
11161.026 2278.66 50 3 8.6
5531.139 312.961 43 2 8.7
10045.237 1472.25 54 1 12.8
11534.768 3110.082 62 7 25.8
9729.475 1732.444 40 5 11.8
9643.721 1382.116 50 2 10.1
4375.31 666.778 21 1 3
7922.183 2531.277 28 1 5.2
11198.435 1150.923 38 0 7.5
7750.829 1471.312 33 1 4.2
5902.81 868.015 44 2 9.6
8936.898 1685.964 41 1 8.2
10734.627 2889.082 47 5 7.1
8237.683 2426.244 39 1 8.5
9466.743 953.17 56 2 18.6
9379.286 2353.955 46 1 13.1
8356.99 1767.356 23 1 3.2
11854.383 2145.115 64 4 31
9216.845 2341.574 46 1 11.6
8936.595 1410.399 49 3 8.1
6176.731 56.121 43 0 9.1
10135.485 1840.356 39 2 8
8270.439 1616.468 44 3 10.2
9939.093 2295.75 49 2 12.4
8817.146 551.698 52 0 14.8
6935.066 1830.509 25 1 5.4
